10.000
10.300
10.600
10.900
11.200
11.500
11.800
12.100
12.400
12.700
13.000
13.300
13.600
13.900
14.200
14.500
14.800
15.100
15.400
15.700
15.997
15.697
15.397
15.097
14.797
14.497
14.197
13.897
13.597
13.297
12.997
12.697
12.397
12.097
11.797
11.497
11.197
10.897
10.597
10.297
10.003
10.303
10.603
10.903
11.203
11.503
11.803
12.103
12.403
12.703
13.003
13.303
13.603
13.903
14.203
14.503
14.803
15.103
15.403
15.703
15.997
15.697
15.397
15.097
14.797
14.497
14.197
13.897
13.597
13.297
12.997
12.697
12.397
12.097
11.797
11.497
11.197
10.897
10.597
10.297
10.003
10.303
10.603
10.903
11.203
11.503
11.803
12.103
12.403
12.703
13.003
13.303
13.603
13.903
14.203
14.503
14.803
15.103
15.403
15.703
15.997
15.697
15.397
15.097
14.797
14.497
14.197
13.897
13.597
13.297
12.997
12.697
12.397
12.097
11.797
11.497
11.197
10.897
10.597
10.297
10.005
10.505
11.005
11.505
12.005
12.505
13.005
13.505
14.005
14.505
15.005
15.505
15.995
15.495
14.995
14.495
13.995
13.495
12.995
12.495
11.995
11.495
10.995
10.495
10.005
10.505
11.005
11.505
12.005
12.505
13.005
13.505
14.005
14.505
15.005
15.505
15.995
15.495
14.995
14.495
13.995
13.495
12.995
12.495
11.995
11.495
10.995
10.495
10.005
10.505
11.005
11.505
12.005
12.505
13.005
13.505
14.005
14.505
15.005
15.505
15.995
15.495
14.995
14.495
13.995
13.495
12.995
12.495
11.995
11.495
10.995
10.495
10.004
10.404
10.804
11.204
11.604
12.004
12.404
12.804
13.204
13.604
14.004
14.404
14.804
15.204
15.604
15.996
15.596
15.196
14.796
14.396
13.996
13.596
13.196
12.796
12.396
11.996
11.596
11.196
10.796
10.396
10.004
10.404
10.804
11.204
11.604
12.004
12.404
12.804
13.204
13.604
14.004
14.404
14.804
15.204
15.604
15.996
15.596
15.196
14.796
14.396
13.996
13.596
13.196
12.796
12.396
11.996
11.596
11.196
10.796
10.396
10.004
10.404
10.804
11.204
11.604
12.004
12.404
12.804
13.204
13.604
14.004
14.404
14.804
15.204
15.604
15.996
15.596
15.196
14.796
14.396
13.996
13.596
13.196
12.796
12.396
11.996
11.596
11.196
10.796
10.396
10.008
10.757
11.505
12.249
12.987
13.718
14.440
15.151
15.848
16.531
17.198
17.847
18.476
19.084
19.669
20.230
20.766
21.274
21.755
22.206
22.626
23.015
23.372
23.695
23.983
24.237
24.455
24.637
24.783
24.892
25.000
25.000
25.000
25.000
25.000
25.000
25.000
25.000
25.000
25.000
25.000
25.000
25.000
25.000
25.000
25.000
25.000
25.000
25.000
25.000
25.000
25.000
25.000
25.000
25.000
25.000
25.000
25.000
25.000
25.000
25.000
25.000
25.000
25.000
25.000
25.000
25.000
25.000
25.000
25.000
25.000
25.000
25.000
25.000
25.000
25.000
25.000
25.000
25.000
25.000
25.000
25.000
25.000
25.000
25.000
25.000
25.000
25.000
25.000
25.000
25.000
25.000
25.000
25.000
25.000
25.000
25.000
25.000
25.000
25.000
25.000
25.000
25.000
25.000
25.000
25.000
25.000
25.000
25.000
25.000
25.000
25.000
25.000
25.000
25.000
25.000
25.000
25.000
25.000
25.003
25.303
25.603
25.903
26.203
26.497
26.197
25.897
25.597
25.297
24.997
24.697
24.397
24.097
23.797
23.503
23.803
24.103
24.403
24.703
25.003
25.303
25.603
25.903
26.203
26.497
26.197
25.897
25.597
25.297
24.997
24.697
24.397
24.097
23.797
23.503
23.803
24.103
24.403
24.703
25.003
25.303
25.603
25.903
26.203
26.497
26.197
25.897
25.597
25.297
24.997
24.697
24.397
24.097
23.797
23.503
23.803
24.103
24.403
24.703
25.003
25.303
25.603
25.903
26.203
26.497
26.197
25.897
25.597
25.297
24.997
24.697
24.397
24.097
23.797
23.503
23.803
24.103
24.403
24.703
25.003
25.303
25.603
25.903
26.203
26.494
25.919
25.346
24.776
24.210
23.649
23.096
22.551
22.016
21.493
20.982
20.484
20.002
19.536
19.087
18.657
18.246
17.856
17.488
17.142
16.820
16.522
16.249
16.001
15.779
15.585
15.418
15.278
15.166
15.083
15.029
15.029
15.029
15.029
15.029
15.029
15.029
15.029
15.029
15.029
15.029
15.029
15.029
15.029
15.029
15.029
15.029
15.029
15.029
15.029
15.029
15.029
15.029
15.029
15.029
15.029
15.029
15.029
15.029
15.029
15.029
15.029
15.029
15.029
15.029
15.029
15.029
15.029
15.029
15.029
15.029
15.029
15.029
15.029
15.029
15.029
15.029
15.029
15.029
15.029
15.029
15.029
15.029
15.029
15.029
15.029
15.029
15.029
15.029
15.029
15.029
15.029
15.029
15.029
15.029
15.029
15.029
15.029
15.029
15.029
15.029
15.029
15.029
15.029
15.029
15.029
15.029
15.029
15.029
15.029
15.029
15.029
15.029
15.029
